52484,-20780 -5,2
-52068,31483 5,-3
21120,52398 -2,-5
-10264,-31236 1,3
52501,52392 -5,-5
-31144,52394 3,-5
-41603,21031 4,-2
-41630,-31239 4,3
21126,-20780 -2,2
-31150,-10326 3,1
-41598,21033 4,-2
-10252,-20787 1,2
-20677,-52149 2,5
21102,-31236 -2,3
-20734,41942 2,-4
42018,-41696 -4,4
-52071,-41691 5,4
-20720,-41693 2,4
-20710,10574 2,-1
31540,10578 -3,-1
31581,-41693 -3,4
31540,10576 -3,-1
-31184,31490 3,-3
-31168,-41689 3,4
-41641,10575 4,-1
-41590,41940 4,-4
-31179,-41695 3,4
-10232,31481 1,-3
42012,31481 -4,-3
-31192,31486 3,-3
10685,21029 -1,-2
31535,-41692 -3,4
31561,41942 -3,-4
-20719,31481 2,-3
42007,10581 -4,-1
-20726,21027 2,-2
-31136,21034 3,-2
10680,-31241 -1,3
31559,21027 -3,-2
21088,-20780 -2,2
52472,41939 -5,-4
21126,-41692 -2,4
-10268,41937 1,-4
31551,52393 -3,-5
-52097,10578 5,-1
-52087,-52145 5,5
-10223,21034 1,-2
52483,-20785 -5,2
10660,-20780 -1,2
10648,-41694 -1,4
41988,-31239 -4,3
42010,-52149 -4,5
52440,-10327 -5,1
41991,41943 -4,-4
10636,-52142 -1,5
-52071,-52146 5,5
10672,-31237 -1,3
-52095,31484 5,-3
31568,-41688 -3,4
-10236,-10331 1,1
-52095,21031 5,-2
-31187,21027 3,-2
31577,21036 -3,-2
-10284,-20784 1,2
-10271,-20783 1,2
10650,-10335 -1,1
-20706,-41694 2,4
10636,31490 -1,-3
-41590,21028 4,-2
52480,-52142 -5,5
-52050,-31239 5,3
-31183,-10326 3,1
42038,52393 -4,-5
-31176,31486 3,-3
-10276,10581 1,-1
-31168,-31236 3,3
41986,-52151 -4,5
10656,52398 -1,-5
42046,52393 -4,-5
-31139,41936 3,-4
41991,-20786 -4,2
-10243,21033 1,-2
-41641,31488 4,-3
-52095,21032 5,-2
-20728,31490 2,-3
-31163,-31237 3,3
41999,52392 -4,-5
-10279,31485 1,-3
-10275,31481 1,-3
52484,21030 -5,-2
31537,-20785 -3,2
52493,-52148 -5,5
21129,-52147 -2,5
-10241,52398 1,-5
-10279,31489 1,-3
52496,-10330 -5,1
10651,-41692 -1,4
52480,-10326 -5,1
-41596,41939 4,-4
-31174,-52151 3,5
42014,-41692 -4,4
41986,-10334 -4,1
10656,-20781 -1,2
31564,41935 -3,-4
-20717,-20787 2,2
31540,-20789 -3,2
-10265,-41692 1,4
-10260,41940 1,-4
-10247,-10326 1,1
21094,-10328 -2,1
-41646,-52142 4,5
-10284,52395 1,-5
21086,52394 -2,-5
52500,-31239 -5,3
-20689,-41697 2,4
-41636,52389 4,-5
42026,41943 -4,-4
31549,-31239 -3,3
52488,52398 -5,-5
21086,-52145 -2,5
31573,-31237 -3,3
21139,10573 -2,-1
-31188,-20781 3,2
52488,21035 -5,-2
-10273,52398 1,-5
-41642,10581 4,-1
42034,-10328 -4,1
-31187,31489 3,-3
41994,-10328 -4,1
21110,-41692 -2,4
41994,-31236 -4,3
31532,-41692 -3,4
-41645,-41696 4,4
-41617,-52148 4,5
42027,21036 -4,-2
-10268,21029 1,-2
-41614,-20785 4,2
21097,-31238 -2,3
10645,10575 -1,-1
-10243,41944 1,-4
21118,21034 -2,-2
41994,-41691 -4,4
21083,-31240 -2,3
-41596,52389 4,-5
-31172,-10328 3,1
52464,41944 -5,-4
-31176,52398 3,-5
10669,-10326 -1,1
-31172,-10328 3,1
10653,41940 -1,-4
-10242,-20784 1,2
-10279,-31234 1,3
21134,10573 -2,-1
-31160,-31239 3,3
21126,41935 -2,-4
-41617,31485 4,-3
-10279,10574 1,-1
10672,21027 -1,-2
42022,-20780 -4,2
-52100,10573 5,-1
-52052,-20788 5,2
52461,31489 -5,-3
10672,10577 -1,-1
21094,-10334 -2,1
-52074,-31238 5,3
-10249,10582 1,-1
52480,-31235 -5,3
42042,10582 -4,-1
52496,31481 -5,-3
-31136,10578 3,-1
-52095,-41695 5,4
52460,21027 -5,-2
21107,-41695 -2,4
-52051,-52147 5,5
31564,31487 -3,-3
52481,-31237 -5,3
-20722,-31241 2,3
-20735,-41692 2,4
-52079,52390 5,-5
41994,-52142 -4,5
52497,-20785 -5,2
-41638,10577 4,-1
-31175,-20789 3,2
-20719,21031 2,-2
52460,52389 -5,-5
-31136,-31237 3,3
21086,52397 -2,-5
-52084,21027 5,-2
41994,-41694 -4,4
-20706,31486 2,-3
-20682,-52147 2,5
41999,41942 -4,-4
41994,-52151 -4,5
41986,41943 -4,-4
-20738,-20788 2,2
52464,-20780 -5,2
31543,31485 -3,-3
52448,-10334 -5,1
-20713,31486 2,-3
21099,10576 -2,-1
52440,31490 -5,-3
52441,-31241 -5,3
42002,-52147 -4,5
52469,31483 -5,-3
10658,-41688 -1,4
-10273,21031 1,-2
-52083,-10331 5,1
-52044,-31234 5,3
21110,31482 -2,-3
-41590,-52145 4,5
-20689,10577 2,-1
31593,-41697 -3,4
10673,41935 -1,-4
-20677,-10331 2,1
52469,41940 -5,-4
31593,-31242 -3,3
52467,-41697 -5,4
42007,10582 -4,-1
-31173,-41692 3,4
21083,21032 -2,-2
-20730,41939 2,-4
31574,-10335 -3,1
21139,-52143 -2,5
-52099,-52150 5,5
-10252,52398 1,-5
42047,21029 -4,-2
42030,31484 -4,-3
-10268,-41697 1,4
21080,31484 -2,-3
41997,41935 -4,-4
10653,-41693 -1,4
21089,-52142 -2,5
10652,31486 -1,-3
21107,-52145 -2,5
-20718,-10335 2,1
21094,41941 -2,-4
21097,41935 -2,-4
10624,-20785 -1,2
21078,-10328 -2,1
52464,41938 -5,-4
42006,21031 -4,-2
10675,-20789 -1,2
-20677,52396 2,-5
-52095,52396 5,-5
21079,-10333 -2,1
-41589,10577 4,-1
31556,-41691 -3,4
31545,31482 -3,-3
10644,31487 -1,-3
-20706,-41690 2,4
-10266,31481 1,-3
21087,-41693 -2,4
-10239,-41695 1,4
-52090,21031 5,-2
-10236,10578 1,-1
-10236,41942 1,-4
21086,31483 -2,-3
-31176,-10330 3,1
31574,-10330 -3,1
-41598,31482 4,-3
-52087,-52144 5,5
21090,-31243 -2,3
-20695,-41693 2,4
31574,-41692 -3,4
-10240,-52148 1,5
42042,31481 -4,-3
41986,31481 -4,-3
52484,-10326 -5,1
31593,-10330 -3,1
31548,52398 -3,-5
-20719,21027 2,-2
-20697,-31243 2,3
10680,-20781 -1,2
-52088,21031 5,-2
-31176,41943 3,-4
41996,-52147 -4,5
-31176,41944 3,-4
-52056,-41697 5,4
31593,41944 -3,-4
21099,-41695 -2,4
-20697,-31243 2,3
31588,41938 -3,-4
-20728,21031 2,-2
-31149,21027 3,-2
-10223,-10329 1,1
-10236,21034 1,-2
10632,-10333 -1,1
10680,10581 -1,-1
-41641,-41688 4,4
31545,-41696 -3,4
-31139,41937 3,-4
-31189,52395 3,-5
42036,-10335 -4,1
41998,31485 -4,-3
-41637,-10326 4,1
-20682,-20787 2,2
-10241,31490 1,-3
21135,-31239 -2,3
31561,-31240 -3,3
-31192,-20786 3,2
-10236,41944 1,-4
-52059,-41697 5,4
-20733,-20787 2,2
31540,-20781 -3,2
-52055,10573 5,-1
-31152,-31236 3,3
52496,-31240 -5,3
-52052,31484 5,-3
52453,41940 -5,-4
-41646,-10333 4,1
42042,41941 -4,-4
-31131,21036 3,-2
-10281,-52145 1,5
-41598,31485 4,-3
-31179,-10327 3,1
41988,-10332 -4,1
52456,41936 -5,-4
-41595,-10335 4,1
52445,52390 -5,-5
-20693,31483 2,-3
-41630,31484 4,-3
41986,10581 -4,-1
-20734,21035 2,-2
-10223,52395 1,-5
42012,-31238 -4,3
52445,-31237 -5,3
21110,-20784 -2,2
-31179,-10328 3,1
-10251,41944 1,-4
31593,21028 -3,-2
-31167,-52150 3,5
42003,-52151 -4,5
52485,-10334 -5,1
-20690,-20786 2,2
10625,-31242 -1,3
-52087,-10332 5,1
10672,-20783 -1,2
42026,31489 -4,-3
10672,41937 -1,-4
41995,-41697 -4,4
31572,31481 -3,-3
-20688,52389 2,-5
-20725,10574 2,-1
-10260,-10328 1,1
10685,21034 -1,-2
52499,10577 -5,-1
31536,31488 -3,-3
-10260,41941 1,-4
-52089,-20789 5,2
41994,21034 -4,-2
31549,-52147 -3,5
31564,-10328 -3,1
10645,41943 -1,-4
-31168,-52147 3,5
-31187,21034 3,-2
-41598,-31241 4,3
10653,21035 -1,-2
31576,52398 -3,-5
-10249,10582 1,-1
-31136,-31240 3,3
-20712,-52151 2,5
-10279,10579 1,-1
52469,-10326 -5,1
21103,-20784 -2,2
21136,-20785 -2,2
-41605,-52142 4,5
31551,-52147 -3,5